1651 9 4400 0 100 a
     0
     6
    13
    19
    25
    31
    37
    43
    49
    55
    60
    66
    71
    76
    81
    86
    91
    95
    99
   103
   106
   110
   113
   116
   118
   121
   122
   124
   126
   127
   127
   128
   128
   128
   127
   127
   126
   124
   122
   121
   118
   116
   113
   110
   106
   103
    99
    95
    91
    86
    81
    76
    71
    66
    60
    55
    49
    43
    37
    31
    25
    19
    13
     6
     0
    -6
   -13
   -19
   -25
   -31
   -37
   -43
   -49
   -55
   -60
   -66
   -71
   -76
   -81
   -86
   -91
   -95
   -99
  -103
  -106
  -110
  -113
  -116
  -118
  -121
  -122
  -124
  -126
  -127
  -127
  -128
  -128
  -128
  -127
  -127
  -126
  -124
  -122
  -121
  -118
  -116
  -113
  -110
  -106
  -103
   -99
   -95
   -91
   -86
   -81
   -76
   -71
   -66
   -60
   -55
   -49
   -43
   -37
   -31
   -25
   -19
   -13
    -6
   128
   128
   127
   127
   126
   124
   122
   121
   118
   116
   113
   110
   106
   103
    99
    95
    91
    86
    81
    76
    71
    66
    60
    55
    49
    43
    37
    31
    25
    19
    13
     6
     0
    -6
   -13
   -19
   -25
   -31
   -37
   -43
   -49
   -55
   -60
   -66
   -71
   -76
   -81
   -86
   -91
   -95
   -99
  -103
  -106
  -110
  -113
  -116
  -118
  -121
  -122
  -124
  -126
  -127
  -127
  -128
  -128
  -128
  -127
  -127
  -126
  -124
  -122
  -121
  -118
  -116
  -113
  -110
  -106
  -103
   -99
   -95
   -91
   -86
   -81
   -76
   -71
   -66
   -60
   -55
   -49
   -43
   -37
   -31
   -25
   -19
   -13
    -6
     0
     6
    13
    19
    25
    31
    37
    43
    49
    55
    60
    66
    71
    76
    81
    86
    91
    95
    99
   103
   106
   110
   113
   116
   118
   121
   122
   124
   126
   127
   127
   128